0.006761959730231624 0.03125 0.0
0.013225973522414272 0.0 0.0
0.0015499051488730407 0.0 0.564625850340136
0.001775649556122359 0.0 0.564625850340136
0.028314966015276867 0.0625 0.08503401360544217
0.04682681916959253 0.125 0.08503401360544217
8.722834849939467E-4 0.0 0.564625850340136
0.0031366401437713082 0.0 0.564625850340136
0.0021018567637743667 0.0 0.04421768707482993
0.015961904941431113 0.0 0.08503401360544217
2.979459380489769E-4 0.0 0.564625850340136
0.04150528223370263 0.125 0.08503401360544217
0.002759147751343927 0.09375 0.05782312925170068
0.007870922027945024 0.09375 0.05782312925170068
0.013293920830183261 0.0 0.023809523809523808
0.0050823082952182845 0.0 1.0
0.006686796779159733 0.0 1.0
0.0014157693463901434 0.0 1.0
0.010324683611039269 0.09375 1.0
0.007318165568163619 0.03125 1.0
0.0074136225160249215 0.03125 0.02040816326530612
0.045243436442312074 0.0625 0.08503401360544217
0.016533143369577487 0.03125 0.08503401360544217
0.0022521826659181493 0.0625 0.04081632653061224
8.650338680371606E-4 0.0 0.1054421768707483
0.016533143369577487 0.0 0.08503401360544217
0.03006247456251791 0.03125 0.08503401360544217
0.006010330219512711 0.0625 0.02040816326530612
0.006776992320446002 0.0 0.02040816326530612
0.0026039001791639572 0.0 0.5034013605442177
0.0010356973614819753 0.0 0.5034013605442177
0.0023328186824352914 0.0 0.5034013605442177
9.326820272608841E-4 0.0 0.564625850340136
0.004026028311214783 0.03125 0.04421768707482993
8.691843661953504E-4 0.03125 0.564625850340136
0.006577359522399059 0.03125 1.0
0.0048528207730055865 0.03125 1.0
0.0027031603723494967 0.03125 1.0
0.007318165568163619 0.03125 1.0
0.011301801974973855 0.03125 1.0
0.004195896580637257 0.03125 1.0
0.006761959730231624 0.03125 0.0
0.026882781080372623 0.0 0.023809523809523808
0.011666342287672528 0.03125 1.0
0.0023321936273341774 0.03125 1.0
0.006249814414217972 0.03125 1.0
0.007894552658458417 0.03125 1.0
0.006588378411026199 0.03125 1.0
0.004327401679832638 0.03125 1.0
0.0014283967221702212 0.0 0.564625850340136
0.013917472672275671 0.03125 0.564625850340136
0.0072495718590154115 0.03125 1.0
0.0022860059939005003 0.03125 0.564625850340136
0.015029884348139661 0.03125 0.04421768707482993
0.001455455384556102 0.0 0.564625850340136
0.0027031603723494967 0.03125 1.0
0.006126532141869856 0.03125 1.0
0.004296614935073591 0.0 0.564625850340136
0.0038306046384278657 0.03125 1.0
0.0172847728802964 0.09375 0.564625850340136
0.016533143369577487 0.09375 0.564625850340136
0.0015576508413069011 0.03125 0.564625850340136
0.0026881277821351186 0.03125 0.04081632653061224
0.004561188522846649 0.09375 0.564625850340136
0.0052587007087937995 0.0 0.564625850340136
0.001876367910558693 0.03125 0.564625850340136
0.0029286492255651705 0.0 0.04081632653061224
0.005860004317368929 0.0 0.0
0.00541403246347897 0.03125 1.0
0.004206419393787322 0.03125 0.564625850340136
0.0028234210940645227 0.0 0.04081632653061224
0.024801067987485523 0.03125 0.04421768707482993
0.024597376390080698 0.0 0.01020408163265306
0.009016848262388362 0.0 0.01020408163265306
0.025568481717929532 0.0 0.01020408163265306
0.008809398517429942 0.0 0.01020408163265306
0.0052587007087937995 0.0 0.564625850340136
0.022546179455328785 0.0 0.564625850340136
0.002485187814241012 0.0 0.564625850340136
0.011271736794545099 0.0 0.564625850340136
0.013526625326701836 0.0 0.564625850340136
0.01202336630526401 0.0 0.08503401360544217
0.001808360472428846 0.03125 0.564625850340136
0.007475211038133229 0.09375 1.0
0.004160351119119947 0.0625 0.05782312925170068
0.008265218751669448 0.03125 0.04421768707482993
0.007042648254714495 0.09375 1.0
0.008794125405772133 0.09375 1.0
0.0019364982714162062 0.0 0.564625850340136
0.001395325023698589 0.0 0.564625850340136
0.0034547898830684094 0.0 0.564625850340136
0.0027783233234213883 0.03125 0.564625850340136
0.0027933559136357664 0.0 0.04081632653061224
0.0022034376882372024 0.03125 0.5034013605442177
0.0034540382535576905 0.03125 0.5034013605442177
0.01001711681525309 0.0 0.5034013605442177
0.010628853041436999 0.03125 0.5034013605442177
0.0067416488969411735 0.03125 0.5034013605442177
0.018104049046980014 0.0625 0.5034013605442177
9.320965078720341E-4 0.0625 0.5034013605442177
0.0014928791682206988 0.03125 0.5034013605442177
0.004071725581555667 0.03125 0.5034013605442177
0.004914924161328737 0.0625 0.5034013605442177
0.011715198205869257 0.0 0.5034013605442177
0.010677949481077158 0.03125 1.0
0.003003812176637062 0.03125 1.0
0.006386144974872168 0.03125 1.0
0.007032546354090433 0.03125 1.0
0.0049067877718752045 0.0625 1.0
0.002522769289776958 0.03125 1.0
0.0052537399540230545 0.03125 1.0
0.004574717854039589 0.03125 1.0
0.008394859809678247 0.03125 1.0
0.0016680913731384824 0.03125 1.0
0.005831277037469253 0.03125 1.0
0.013147804053299504 0.0 0.023809523809523808
0.007851258798641007 0.0625 1.0
0.007764212585004651 0.03125 1.0
0.00567961323479639 0.03125 1.0
0.010672049189418015 0.0 0.5034013605442177
0.005828492250132039 0.0 0.5034013605442177
0.00548644445054163 0.0 0.006802721088435374
0.016575535273982034 0.0625 0.003401360544217687
0.002597932240848849 0.0 0.564625850340136
0.0020965953571993345 0.0 0.564625850340136
0.0051083748066500165 0.03125 0.564625850340136
0.0014345961623746307 0.0625 0.5034013605442177
0.001801204959486802 0.0 0.564625850340136
0.006446966834879542 0.25 1.0
0.010032269666189184 0.0625 1.0
0.006761959730231624 0.0 0.01020408163265306
0.002246231564104081 0.03125 0.15306122448979592
0.005664838453504189 0.03125 0.006802721088435374
0.006960976192079778 0.03125 0.006802721088435374
0.006245522609711766 0.125 0.15306122448979592
0.08069286421127447 0.125 0.36054421768707484
0.007438426289878645 0.03125 0.02040816326530612
0.005664838453504189 0.03125 0.006802721088435374
0.007197904846448593 0.03125 1.0
0.013293920830183261 0.0 0.023809523809523808
0.001801204959486802 0.03125 0.564625850340136
0.008490707604885123 0.03125 1.0
0.0021394382393103125 0.03125 1.0
0.012429855060955907 0.03125 1.0
0.0011322546949469698 0.03125 1.0
0.004059039879325557 0.0625 0.15306122448979592
0.005347558349550989 0.03125 1.0
0.004666251295854938 0.03125 1.0
0.005409026610937582 0.03125 1.0
0.005174518203593281 0.0625 1.0
0.004443934319174498 0.03125 1.0
0.004507071198074887 0.03125 1.0
0.008114892849525667 0.03125 1.0
0.0063109820238002766 0.09375 1.0
0.0027121799264781237 0.09375 0.2789115646258503
0.00757371960180805 0.03125 0.02040816326530612
0.020645937987598832 0.03125 0.11224489795918367
0.008265218751669448 0.03125 0.2789115646258503
6.692509163441196E-4 0.0 0.2789115646258503
0.00654398717212314 0.0 0.2789115646258503
0.0029196296714365435 0.0 0.564625850340136
0.001723035490372035 0.0 0.564625850340136
0.008995802636088231 0.09375 0.04421768707482993
0.001741074598629289 0.03125 0.2789115646258503
0.0015306183356279934 0.03125 0.2789115646258503
0.0085057401950995 0.0 0.2789115646258503
0.006220185178905432 0.03125 0.006802721088435374
0.0034547898830684094 0.03125 0.15306122448979592
0.009443247683819201 0.0 0.11224489795918367
0.005194060570871972 0.0 0.15306122448979592
0.005760789221954033 0.0 0.11224489795918367
0.006010330219512711 0.0 0.02040816326530612
0.0028459699793860903 0.03125 0.0
0.007921814260812192 0.0 0.0
0.01495472139706777 1.0 0.15306122448979592
0.014969753987282149 0.0 0.2789115646258503
4.332392499783811E-4 0.03125 0.05782312925170068
0.007142785298887239 0.03125 0.11224489795918367
0.002768702465684186 0.09375 0.006802721088435374
0.007495956012629071 0.09375 0.2789115646258503
7.188584640515679E-4 0.0 0.564625850340136
0.010429911742539917 0.03125 1.0
0.002480678037176699 0.03125 0.564625850340136
0.0060821860007374395 0.03125 1.0
0.009167174164532143 0.03125 1.0
0.005950199858655199 0.03125 1.0
0.0027031603723494967 0.03125 1.0
0.0065336297174654326 0.0625 0.2789115646258503
0.004394236575925764 0.03125 1.0
0.0039023353485020096 0.0 0.11224489795918367
0.0069844501830031375 0.09375 1.0
0.0018733313273353886 0.09375 0.05782312925170068
0.0034528657115209687 0.0625 0.05782312925170068
4.921369384383151E-4 0.03125 0.05782312925170068
0.0018914005007730713 0.09375 0.2789115646258503
0.002552834470205714 0.0 0.2789115646258503
0.004176354213358565 0.15625 0.013605442176870748
0.002357410797418797 0.03125 0.2789115646258503
0.008372952364981128 0.03125 0.11224489795918367
0.0029754282410978813 0.0625 0.003401360544217687
0.0036051157852121916 0.03125 1.0
0.0034547898830684094 0.03125 1.0
5.384673814790289E-4 0.0 0.2789115646258503
6.436955129796766E-4 0.03125 0.003401360544217687
0.001876367910558693 0.1875 0.006802721088435374
0.0022558055201598146 0.03125 0.2789115646258503
0.00468651522746392 0.09375 0.2789115646258503
9.373421302273414E-4 0.0 0.1054421768707483
0.003666298427384711 0.0 0.1054421768707483
0.0036051157852121916 0.03125 0.2789115646258503
9.894450879103763E-4 0.0 0.1054421768707483
0.011271736794545099 0.03125 0.04081632653061224
9.593799074816199E-4 0.0 0.564625850340136
0.007137022856080362 0.0 0.04081632653061224
0.015747825824188152 0.0 0.4931972789115646
0.002680771133136006 0.03125 0.013605442176870748
0.015165964916818592 0.03125 0.04421768707482993
0.003003812176637062 0.03125 0.05782312925170068
0.0016868069479553834 0.03125 0.003401360544217687
0.0017034931230933432 0.0625 0.13945578231292516
0.00412098918359901 0.0 0.003401360544217687
0.003149628301716531 0.0 0.5034013605442177
0.009827856504454068 0.0 0.006802721088435374
0.055723106058461584 0.03125 0.4931972789115646
0.11619921649090528 0.0 0.2755102040816326
0.027055956519642262 0.0625 0.2755102040816326
0.06689232058774462 0.0 0.2755102040816326
0.007212937436662971 0.0 0.2755102040816326
0.001426562746164067 0.03125 0.564625850340136
0.012474344011695358 0.0 0.2755102040816326
0.0015063707676122012 0.03125 0.564625850340136
0.004341712705716726 0.03125 1.0
0.009783510363321653 0.03125 1.0
0.007197904846448593 0.03125 1.0
0.001440422794341724 0.0 0.4931972789115646
0.003154138078780844 0.03125 1.0
0.004213935688894511 0.03125 1.0
0.0077541106843805885 0.03125 1.0
0.006803216674074985 0.03125 1.0
0.0014326058474302473 0.03125 1.0
0.002402508568061932 0.09375 0.023809523809523808
0.022395853553185005 0.0 0.2755102040816326
0.013440037607067018 0.0 0.023809523809523808
0.003003812176637062 0.0 0.564625850340136
0.003988446835678837 0.0 0.15306122448979592
0.006244107591994887 0.15625 0.013605442176870748
0.005634515464153255 0.03125 0.2789115646258503
0.0015757161062711282 0.09375 0.2789115646258503
0.007506072945843347 0.0 0.15306122448979592
0.006508660585119351 0.0 0.15306122448979592
0.005104766984998566 0.0 0.15306122448979592
0.0017711397790580454 0.0625 0.2789115646258503
0.004556678745782335 0.03125 0.15306122448979592
0.002126499688912797 0.0 0.15306122448979592
0.0022104149146593035 0.0 0.2755102040816326
0.01460897182213707 0.03125 0.2789115646258503
0.01462400441235145 0.03125 0.2789115646258503
0.007047578944304811 0.03125 0.01020408163265306
0.05554271497588904 0.0 0.4931972789115646
0.0036502135558553264 0.0 0.2789115646258503
0.022038017775721945 0.15625 0.003401360544217687
0.005998364277702067 0.0 0.003401360544217687
0.015025224245173205 0.1875 0.2789115646258503
0.014457247889103351 0.1875 0.2789115646258503
0.00498982780021943 0.03125 1.0
0.012023351272673797 0.34375 0.006802721088435374
0.015021992238277113 0.09375 0.2789115646258503
0.0011698361704829154 0.0 0.2755102040816326
0.005234197586744363 0.0625 0.04421768707482993
0.013631853458202484 0.0625 0.2789115646258503
0.0022521826659181493 0.09375 0.15306122448979592
0.11334302435017342 0.0 0.2755102040816326
0.019539661412453137 0.0 0.11224489795918367
0.03998398410400755 0.0625 0.11224489795918367
0.0031867087410206315 0.03125 0.0
6.737606934084331E-4 0.0 0.564625850340136
0.0034547898830684094 0.0 0.003401360544217687
0.0012976131873051306 0.0 0.2755102040816326
0.0032293010298527357 0.0 0.2789115646258503
6.136303325509202E-4 0.03125 0.2789115646258503
0.004261558934693661 0.03125 0.564625850340136
0.08568305835571743 0.0 0.2755102040816326
0.005520267778523981 0.0 0.2755102040816326
0.009297581884641875 0.0 0.5034013605442177
0.006018973958885979 0.0 0.5034013605442177
0.0020928372096457397 0.0 0.5034013605442177
0.001756107188843667 0.0 0.5034013605442177
0.015014851757925282 0.03125 0.2789115646258503
7.940214151234592E-4 0.03125 0.564625850340136
8.992495466241068E-4 0.03125 0.564625850340136
0.0022521826659181493 0.0 0.564625850340136
0.0034547898830684094 0.03125 0.564625850340136
0.011062663529843527 0.0 0.5034013605442177
0.005036390797430759 0.0 0.36054421768707484
0.009203682012474979 0.0 0.36054421768707484
0.0016293148066804937 0.03125 0.36054421768707484
0.0071273830572794895 0.0 0.36054421768707484
0.019440819125275555 0.0 0.36054421768707484
0.014428580739564531 0.03125 0.0
0.0048528207730055865 0.0625 0.006802721088435374
0.0026424362241785158 0.0 0.36054421768707484
0.010090355594777542 0.0 0.003401360544217687
0.004780664339976571 0.03125 1.0
0.007197904846448593 0.03125 1.0
0.00834038170274134 0.03125 1.0
7.60198087141108E-4 0.0 0.04081632653061224
0.008641033507028906 0.03125 1.0
0.001519193567065066 0.0 0.5034013605442177
0.0021619871246318797 0.0 0.5034013605442177
5.159184961574616E-4 0.0 0.5034013605442177
8.307009352465421E-4 0.0 0.5034013605442177
0.004136367523388319 0.0 0.5034013605442177
0.00676349019824135 0.0 0.36054421768707484
0.001923059135764552 0.125 0.2755102040816326
0.022546179455328785 0.0 0.2755102040816326
0.025252045693916873 0.0 0.2755102040816326
0.006563529539401832 0.0 0.2755102040816326
0.0043950784009777685 0.03125 1.0
0.005634515464153255 0.03125 1.0
0.013147804053299504 0.0 0.023809523809523808
0.0070110798152643004 0.03125 1.0
0.029244701654855734 0.0 0.003401360544217687
0.00738814227561155 0.03125 0.006802721088435374
0.010089432142760672 0.0 0.36054421768707484
0.022395853553185005 0.0 0.2755102040816326
0.004177616950936573 0.0625 0.14285714285714285
0.0043803589396175565 0.0 0.023809523809523808
0.00265192750098807 0.0 0.023809523809523808
0.0535779554348698 0.0 0.2755102040816326
0.007663915143094319 0.03125 0.2755102040816326
0.002201447673944623 0.15625 0.05782312925170068
5.866017353454681E-4 0.15625 0.05782312925170068
7.338910542659461E-4 0.03125 0.564625850340136
9.744124976959982E-4 0.03125 0.006802721088435374
0.0024566909839493214 0.09375 0.2755102040816326
0.011946273169608593 0.03125 0.4931972789115646
0.0018311498791938434 0.15625 0.05782312925170068
0.001361501695716238 0.0 0.04081632653061224
0.009016848262388362 0.09375 0.4931972789115646
0.017512468517755543 0.09375 0.4931972789115646
0.005194661874480548 0.0 0.4931972789115646
0.026161517401886755 0.0 0.4931972789115646
0.003443214788603338 0.1875 0.05782312925170068
0.0027993689497215176 0.03125 0.564625850340136
0.0015832324013783173 0.0625 0.564625850340136
0.0012600317117691848 0.125 0.2789115646258503
0.0038306046384278657 0.125 0.4931972789115646
0.0431921299199775 0.0625 0.11224489795918367
0.020017697781270365 0.03125 0.2755102040816326
0.0012900968921979413 0.0625 0.564625850340136
0.002492704109348201 0.0 0.006802721088435374
0.012882379019616705 0.0 0.023809523809523808
0.010002039127268068 0.0 0.2755102040816326
0.001497696963058505 0.03125 0.564625850340136
0.0012949373862469712 0.03125 0.05782312925170068
0.001383915287725876 0.03125 0.05782312925170068
0.010262193133518099 0.03125 0.11224489795918367
0.18859256314169948 0.03125 0.2755102040816326
0.0014855205649848585 0.09375 0.564625850340136
0.13378734704172784 0.03125 0.2755102040816326
0.0018929037597945092 0.03125 0.14285714285714285
0.004651384064132918 0.0 0.4931972789115646
0.005223764969135584 0.0 0.013605442176870748
0.08253783445260782 0.0625 0.36054421768707484
0.00321701038409346 0.03125 0.2755102040816326
0.02438997309582604 0.09375 0.4931972789115646
0.0016358464671286412 0.0 0.2789115646258503
0.004890402248541532 0.03125 0.5034013605442177
0.006010330219512711 0.0 0.02040816326530612
7.228721656388069E-4 0.03125 0.14285714285714285
0.0015531672209495608 0.0625 0.5034013605442177
0.004222955243023138 0.0 0.5034013605442177
0.013180875751771137 0.03125 1.0
0.007530168684697975 0.03125 1.0
0.007197904846448593 0.03125 1.0
4.915657000101688E-4 0.03125 0.006802721088435374
0.00600565508395604 0.03125 0.14285714285714285
0.0034456500682180672 0.03125 1.0
0.007076155898302344 0.03125 1.0
0.005170008426528968 0.03125 1.0
0.003379626931996518 0.0625 1.0
0.013707016409274375 0.0 0.013605442176870748
0.010174357708895488 0.03125 0.2789115646258503
0.005860004317368929 0.09375 1.0
0.0034547898830684094 0.03125 1.0
0.012173692207407794 0.03125 1.0
0.0052587007087937995 0.03125 1.0
0.0016021283672777906 0.0 0.564625850340136
0.23592008030985742 0.0 0.4931972789115646
0.0018230322804780792 0.0 0.36054421768707484
0.004044052386881822 0.0 0.36054421768707484
0.009702788360388483 0.0625 0.36054421768707484
0.007583071376180414 0.0 0.36054421768707484
0.016617196444176256 0.0 0.36054421768707484
0.00578071341702417 0.03125 0.36054421768707484
0.004755139001792557 0.0 0.36054421768707484
0.004140735994104617 0.0 0.36054421768707484
0.011453330484334789 0.03125 0.36054421768707484
0.011717860627922126 0.15625 0.2755102040816326
0.003913945318576378 0.0 0.2755102040816326
0.0048285347215588454 0.03125 0.14285714285714285
0.11089573369586285 0.0 0.2755102040816326
0.002462638928919445 0.0 0.2789115646258503
0.00662666641830222 0.125 0.36054421768707484
0.0016387657961482733 0.03125 0.36054421768707484
0.00576981929889581 0.0 0.05782312925170068
0.01427825483742075 0.0 0.2789115646258503
0.01982207868481066 0.34375 0.2755102040816326
0.006149937884833642 0.03125 0.2755102040816326
0.0266099846657523 0.0 0.2755102040816326
2.8056826376115563E-4 0.0625 0.2755102040816326
0.021924070741896957 0.15625 0.2755102040816326
4.7540566552971216E-4 0.0 0.006802721088435374
0.01026838144960575 0.0 0.0
0.013863257936319321 0.0 0.4931972789115646
0.011410036624517379 0.0 0.2755102040816326
0.006240614469006772 0.09375 0.2755102040816326
1.776852163339509E-4 0.03125 0.564625850340136
0.014480748487711392 0.0 0.11224489795918367
0.13904875361676022 0.0 0.4931972789115646
0.0063109820238002766 0.0 0.2789115646258503
2.0067004677173525E-6 0.03125 0.0
0.002972739812663942 0.09375 0.2755102040816326
0.019279101526267318 0.03125 0.2755102040816326
0.004689446582555724 0.03125 0.0
0.003809559012127736 0.03125 0.003401360544217687
0.005361283104416716 0.03125 0.003401360544217687
0.011927586156713101 0.0 0.013605442176870748
0.006085177486190101 0.03125 0.2789115646258503
0.012551235710641904 0.0 0.2755102040816326
0.0033844523934553335 0.09375 0.2789115646258503
0.002868984875004303 0.09375 0.2789115646258503
0.010520107283826187 0.125 0.0
0.005180734029321024 0.0 0.003401360544217687
0.0029343616098466345 0.0 0.2789115646258503
0.001051419496609487 0.0 0.006802721088435374
5.649247402563346E-4 0.0 0.2755102040816326
0.0012133684471811249 0.0 0.2755102040816326
0.00383364122165117 0.03125 0.2789115646258503
0.0017158950100202052 0.03125 0.14285714285714285
0.0024416534329801728 0.03125 0.14285714285714285
0.002103607759882538 0.0 0.0
0.010369781381682404 0.0 0.2755102040816326
0.036259810204297485 0.0 0.2755102040816326
0.0023066758054452706 0.0 0.2755102040816326
0.0018672130631181367 0.03125 0.2755102040816326
0.0020266938127024756 0.09375 0.2789115646258503
0.039271439327846026 0.0 0.2755102040816326
0.004298118194095029 0.0 0.5034013605442177
0.0013126457775195087 0.03125 0.5034013605442177
9.06765841731296E-4 0.0 0.5034013605442177
6.521137634997285E-4 0.0 0.5034013605442177
0.005363928840294447 0.0 0.5034013605442177
0.0016508790573430193 0.0 0.5034013605442177
0.0022363984461930522 0.0 0.564625850340136
0.003976420763507334 0.03125 0.36054421768707484
0.003036883875108694 0.03125 0.0
0.005138439987078774 0.0625 0.2755102040816326
0.00593348361833681 0.03125 0.15306122448979592
0.0014763506849540878 0.0 0.2755102040816326
0.006781231510886457 0.0 0.4931972789115646
0.015631187956714792 0.0 0.11224489795918367
0.006109994789375018 0.03125 0.36054421768707484
0.0035133343056583054 0.0 0.36054421768707484
0.019842492942321786 0.03125 0.36054421768707484
0.004307268531758521 0.03125 0.36054421768707484
7.833182108908218E-4 0.03125 0.36054421768707484
0.00796610027158375 0.0 0.36054421768707484
0.018702646789316556 0.09375 0.36054421768707484
0.0221583085626174 0.0625 0.36054421768707484
0.005517431128750527 0.03125 0.36054421768707484
0.015314300954995698 0.03125 0.013605442176870748
0.01187304040312023 0.03125 1.0
0.00653647087701595 0.03125 1.0
0.005170008426528968 0.03125 1.0
0.003304463980924627 0.09375 1.0
0.005559352513081364 0.0625 1.0
0.0034908680995829173 0.03125 1.0
0.004507071198074887 0.09375 1.0
0.004657397100218669 0.09375 1.0
0.0034517833650255336 0.03125 1.0
0.002631003939320481 0.03125 1.0
0.0074720541941882095 0.03125 1.0
0.00998291767251538 0.03125 1.0
0.012173692207407794 0.03125 1.0
0.004078897930998751 0.0 0.15306122448979592
0.002042162348033071 0.0 0.2755102040816326
0.0012224502362332393 0.0 0.2755102040816326
0.00849804350890974 0.03125 0.4931972789115646
0.02310629376671652 0.0 0.36054421768707484
0.0018929037597945092 0.0625 0.14285714285714285
0.003390946472427945 0.0 0.14285714285714285
0.0020424780324275727 0.0625 0.14285714285714285
0.0069893276572240955 0.0 0.2755102040816326
0.005236151823472232 0.03125 0.2789115646258503
0.0028278121136661428 0.0 0.2755102040816326
0.0035128326681228518 0.0625 0.36054421768707484
0.004041060901429161 0.0 0.36054421768707484
0.005929845731504931 0.03125 1.0
0.012081963341919659 0.03125 1.0
0.05464075956302635 0.03125 0.4931972789115646
0.002552834470205714 0.03125 0.2789115646258503
0.012162492927698082 0.15625 0.006802721088435374
0.0032293010298527357 0.03125 0.2789115646258503
0.0052278838988543234 0.0 0.003401360544217687
0.004281582344859213 0.0 0.003401360544217687
0.04509506477689616 0.03125 0.006802721088435374
0.003931773970570631 0.03125 0.14285714285714285
0.012492849130249258 0.0625 0.2755102040816326
0.004271059531709148 0.0 0.15306122448979592
0.009836124429071976 0.03125 0.2755102040816326
0.01427825483742075 0.0 0.006802721088435374
0.0023810871270064427 0.03125 0.003401360544217687
0.009016848262388362 0.21875 0.2755102040816326
0.003802764281350837 0.09375 0.003401360544217687
0.009852660278307793 0.125 0.003401360544217687
0.015871709400144842 0.09375 0.1054421768707483
8.992495466241068E-4 0.03125 0.2789115646258503
0.09610564922682295 0.0 0.0
0.0142820731153352 0.0 0.2755102040816326
0.005552091772007819 0.03125 1.0
0.011387668130278384 0.03125 1.0
0.039307517544360536 0.0625 0.4931972789115646
0.02946117095394278 0.09375 0.4931972789115646
0.0049740586130845475 0.09375 0.1054421768707483
0.006026866068748527 0.0625 0.36054421768707484
0.011104500731669163 0.0 0.36054421768707484
0.006974421491093419 0.03125 0.006802721088435374
0.0052587007087937995 0.03125 0.564625850340136
0.0010112701540131216 0.03125 0.564625850340136
0.0021619871246318797 0.0 0.1054421768707483
0.0010004489439473013 0.125 0.14285714285714285
7.789888249090809E-4 0.0625 0.5034013605442177
0.0011247383998397806 0.03125 0.5034013605442177
0.0029218845599687003 0.03125 0.5034013605442177
0.005529287332652608 0.03125 0.5034013605442177
0.001440422794341724 0.0625 0.5034013605442177
6.467020310225523E-4 0.03125 0.5034013605442177
0.0015757161062711282 0.0625 0.5034013605442177
5.384673814790289E-4 0.0 0.5034013605442177
0.011395951087486507 0.15625 0.1054421768707483
0.024025837310130038 0.0625 0.36054421768707484
0.002318193776067527 0.0 0.36054421768707484
0.007215443369451709 0.03125 0.36054421768707484
0.037725502782789584 0.125 0.36054421768707484
0.00653647087701595 0.03125 1.0
0.005170008426528968 0.03125 1.0
0.0023592147082445226 0.0 0.1054421768707483
0.004146289032929809 0.03125 0.1054421768707483
0.012324018109551577 0.03125 1.0
0.0019515308616305843 0.03125 1.0
0.013707016409274375 0.03125 0.013605442176870748
0.007137858668096281 0.03125 1.0
0.029015995827334183 0.125 0.36054421768707484
0.004954212587483525 0.03125 0.36054421768707484
0.0025704226007565367 0.03125 0.2755102040816326
0.005860004317368929 0.03125 1.0
0.0021018567637743667 0.03125 1.0
0.002522769289776958 0.03125 1.0
0.010956052400043156 0.03125 1.0
0.03761158491218961 0.0 0.4931972789115646
0.0052024735599854495 0.0 0.4931972789115646
0.011198597230116063 0.03125 0.4931972789115646
6.785590962048627E-4 0.0 0.36054421768707484
0.004882885953434343 0.0625 1.0
0.003980930540571648 0.03125 1.0
0.008565870555957015 0.03125 1.0
3.0542555363604295E-4 0.0625 0.564625850340136
0.002605448535956038 0.0625 0.0
0.002512562161021395 0.0 0.14285714285714285
0.0010622578438281517 0.0 0.564625850340136
0.05464075956302635 0.0 0.4931972789115646
0.004239085212323166 0.0 0.4931972789115646
0.008547260209271613 0.03125 0.15306122448979592
0.04768676179997589 0.0 0.4931972789115646
0.06339770215755501 0.0 0.4931972789115646
0.004565472811057746 0.03125 0.006802721088435374
0.022989855532041206 0.0625 0.4931972789115646
0.0014253902041273456 0.0625 0.5034013605442177
0.0023850252146649033 0.03125 0.4931972789115646
0.0010757132146772374 0.0 0.4931972789115646
0.006248179920683963 0.03125 0.4931972789115646
0.005552091772007819 0.0625 1.0
0.011387668130278384 0.0625 1.0
0.0053687242365728334 0.0625 0.003401360544217687
0.0020286931472009878 0.03125 0.14285714285714285
0.15783949138473302 0.0 0.4931972789115646
0.03342285211241902 0.0 0.4931972789115646
0.009311245757517234 0.0 0.4931972789115646
0.011088113705076468 0.0625 1.0
0.0017256511610693368 0.0 0.564625850340136
0.07835499698374158 0.03125 0.4931972789115646
0.003136850600034309 0.03125 0.14285714285714285
0.0043266801155023476 0.0625 0.14285714285714285
0.07123496531405464 0.0 0.0
9.587184735121873E-4 0.0 0.4931972789115646
9.726786387406718E-4 0.0 0.4931972789115646
0.012896639535997673 0.15625 1.0
0.012896639535997673 0.125 1.0
0.008312511280483883 0.15625 1.0
0.004557851287819057 0.0 0.2789115646258503
0.007463741171799658 0.09375 0.14285714285714285
0.005624493236257329 0.0 0.14285714285714285
0.006007970102849054 0.0625 0.15306122448979592
0.003184203259209601 0.125 0.2789115646258503
0.07442351058662176 0.0 0.4931972789115646
0.003905767589499757 0.0 0.4931972789115646
5.955975379815562E-4 0.0 0.564625850340136
9.281292569885575E-4 0.0 0.564625850340136
0.008588356304399681 0.03125 0.11224489795918367
0.013317230514895579 0.0 0.11224489795918367
0.004477006017646131 0.0 0.1054421768707483
0.0016508790573430193 0.03125 0.1054421768707483
0.0011247383998397806 0.0 0.1054421768707483
0.025958577433992647 0.1875 0.1054421768707483
0.0037704742775703523 0.0 0.1054421768707483
0.006898230160524963 0.03125 0.15306122448979592
0.005245246540551931 0.0 0.564625850340136
0.0020342101078096647 0.0 0.1054421768707483
0.002522769289776958 0.0 0.1054421768707483
0.022189982230199093 0.03125 0.14285714285714285
0.009618151870963492 0.0 0.1054421768707483
0.005873533648561869 0.03125 0.1054421768707483
0.007742084612209086 0.0 0.1054421768707483
0.004341712705716726 0.0625 0.14285714285714285
0.001964308563312806 0.03125 0.14285714285714285
0.0019567922682056167 0.03125 0.5034013605442177
0.005655982002979388 0.0 0.5034013605442177
8.616680710881613E-4 0.0625 0.5034013605442177
0.0012149339411260502 0.09375 0.5034013605442177
0.0015606835160567498 0.0625 0.5034013605442177
0.005443601568430652 0.0625 0.5034013605442177
8.361126677237182E-4 0.03125 0.5034013605442177
0.002333358653075792 0.0625 0.5034013605442177
0.006301210840160931 0.0 0.5034013605442177
0.011820426337369905 0.0 0.5034013605442177
0.0014855205649848585 0.125 0.5034013605442177
0.005174621627813956 0.03125 0.4931972789115646
5.455209734594195E-4 0.0 0.4931972789115646
0.001194302913664033 0.03125 0.4931972789115646
5.925847062507905E-4 0.03125 0.5034013605442177
0.0042244585020445756 0.03125 0.5034013605442177
0.004461973427431752 0.0625 0.5034013605442177
0.005385635900564009 0.03125 1.0
0.006852155271517894 0.03125 1.0
0.004558182004803773 0.03125 1.0
0.005860004317368929 0.03125 1.0
0.0036351809656409483 0.125 1.0
0.0045626917818680866 0.0625 1.0
0.011767812271619582 0.03125 1.0
6.481171990653338E-4 0.0 0.564625850340136
0.007259343042654757 0.03125 1.0
0.004356745295931105 0.03125 1.0
0.003304463980924627 0.0 0.564625850340136
0.004958048904506234 0.125 0.564625850340136
0.003336708886934468 0.0 0.564625850340136
0.009259474268448427 0.0625 1.0
0.0021770197148462582 0.03125 1.0
0.012774995815982924 0.03125 1.0
0.003562723880807645 0.0 0.4931972789115646
0.0020314275753609834 0.0 0.006802721088435374
0.0020002086436332733 0.03125 0.006802721088435374
0.002848121894675278 0.03125 0.006802721088435374
0.06208098976373072 0.0 0.013605442176870748
5.384673814790289E-4 0.03125 0.2789115646258503
0.003765844239784324 0.03125 0.13945578231292516
0.006298986016809203 0.0 0.13945578231292516
0.01084647684345251 0.09375 0.4931972789115646
0.002647951230550465 0.0 0.4931972789115646
0.003511725818505367 0.0 0.4931972789115646
0.02140637088379909 0.03125 0.36054421768707484
0.001801204959486802 0.03125 0.564625850340136
0.004422633138840724 0.0 0.2755102040816326
0.0037574459826092573 0.0 0.36054421768707484
0.0267673307875262 0.0 0.2755102040816326
0.02389911257462283 0.0 0.2755102040816326
0.006960389921061417 0.0 0.2755102040816326
0.0033766805443145 0.03125 0.05782312925170068
0.0029142179389593675 0.0 0.05782312925170068
0.007062611534519189 0.0 0.11224489795918367
0.017617410729390316 0.0 0.11224489795918367
0.004515532592128854 0.0625 0.4931972789115646
0.0031090403081377093 0.0 0.2789115646258503
0.0438924575597459 0.0 0.003401360544217687
0.0029471693767092848 0.03125 0.564625850340136
0.008265218751669448 0.03125 0.08503401360544217
0.032768340801105994 0.0625 0.4931972789115646
0.001459664509816128 0.0 0.2789115646258503
0.0438924575597459 0.0 0.003401360544217687
0.0015004301886112834 0.03125 0.564625850340136
4.4821170983190187E-4 0.0 0.564625850340136
0.008310316522312584 0.0 0.2789115646258503
0.006556088407245714 0.0 0.14285714285714285
0.034572251626831384 0.0625 0.02040816326530612
0.012632973916673564 0.0625 0.11224489795918367
0.002552834470205714 0.0 0.006802721088435374
0.010669651491278822 0.0 0.01020408163265306
0.009195630857807962 0.03125 0.4931972789115646
0.0013502272530554543 0.09375 0.564625850340136
0.8852289503829606 0.0 0.36054421768707484
0.002477671519133823 0.0 0.027210884353741496
7.00819355794314E-4 0.03125 0.5034013605442177
6.899958908399617E-4 0.0625 0.5034013605442177
0.001126542310665506 0.09375 0.5034013605442177
0.00252803069635199 0.0625 0.5034013605442177
3.72507585512293E-4 0.03125 0.5034013605442177
0.005096649386282802 0.03125 0.5034013605442177
0.0021374163559264784 0.0 0.564625850340136
0.001289044610882935 0.0 0.564625850340136
0.0043266801155023476 0.0 0.4931972789115646
0.004507071198074887 0.0625 1.0
0.003003812176637062 0.03125 1.0
0.005439091791366338 0.03125 1.0
0.007408361109449889 0.03125 1.0
0.004807723002362452 0.03125 1.0
0.00834038170274134 0.03125 1.0
0.001801204959486802 0.03125 1.0
0.006160656121656494 0.03125 1.0
0.011361932335831368 0.0625 1.0
0.007663915143094319 0.0625 1.0
0.004356745295931105 0.03125 1.0
0.012774995815982924 0.03125 1.0
0.0015456509258423717 0.03125 0.013605442176870748
0.007662763346032093 0.21875 0.2789115646258503
0.004920796492370081 0.0625 0.2789115646258503
0.001079640629196646 0.0 0.2789115646258503
0.011031215351115047 0.0 0.2789115646258503
0.0052587007087937995 0.03125 0.006802721088435374
0.013994062216158907 0.0 0.4931972789115646
0.0052587007087937995 0.09375 0.027210884353741496
0.016820267496257035 0.0 0.11224489795918367
0.014022700803776319 0.0 0.2789115646258503
0.006784658941455335 0.125 0.15306122448979592
0.005262458856347393 0.125 0.15306122448979592
0.0032168654699237936 0.0625 0.11224489795918367
0.0040560934916435394 0.09375 0.15306122448979592
0.009167174164532143 0.0 0.006802721088435374
0.0074112022690004066 0.0625 1.0
0.013116431037522098 0.09375 1.0
0.013116431037522098 0.09375 1.0
0.0020266938127024756 0.09375 0.2789115646258503
0.006314605930323257 0.03125 0.11224489795918367
0.003595314536392417 0.0 0.006802721088435374
0.00670258099888483 0.03125 1.0
0.015018449658067192 0.03125 0.15306122448979592
0.003362545249410018 0.0 0.11224489795918367
0.02588218556867073 0.03125 0.11224489795918367
0.006260262064416965 0.125 0.15306122448979592
0.012019113435166462 0.0 0.013605442176870748
0.0282554068928475 0.09375 0.14285714285714285
0.002158604791833645 0.0 0.564625850340136
0.008545221790038544 0.03125 0.2789115646258503
0.0014907305601013579 0.0 0.564625850340136
4.472082844350921E-4 0.0 0.564625850340136
0.004146289032929809 0.0625 0.027210884353741496
0.006347586380972288 0.0 0.14285714285714285
0.0011885968430704595 0.0 0.5034013605442177
7.224662857030187E-4 0.0625 0.5034013605442177
7.711718779976042E-4 0.0625 0.5034013605442177
0.0012946367344426836 0.0625 0.5034013605442177
4.085858020268008E-4 0.03125 0.5034013605442177
0.004466032226789634 0.03125 0.5034013605442177
0.003131589193459277 0.03125 0.5034013605442177
0.05456445398477226 0.0 0.0
0.008039729898453776 0.03125 1.0
0.011271736794545099 0.03125 1.0
0.0015373830012244635 0.03125 1.0
0.0038306046384278657 0.03125 1.0
0.004567201558932399 0.0625 1.0
0.003905767589499757 0.03125 1.0
0.01014429252846673 0.0625 1.0
0.007543654421379293 0.03125 1.0
0.0059712454849553285 0.03125 1.0
0.007614698442732445 0.1875 0.15306122448979592
0.007663915143094319 0.03125 1.0
0.004029034829257658 0.03125 1.0
0.005318831069651312 0.03125 1.0
0.0022161495471742848 0.0 0.14285714285714285
0.011830392944682038 0.0625 0.006802721088435374
0.002522769289776958 0.0 0.2789115646258503
0.003800539457999109 0.0 0.027210884353741496
0.011562729107338611 0.03125 0.006802721088435374
0.0033231344579708845 0.0 0.13945578231292516
0.003927700138622535 0.0625 0.14285714285714285
0.008973990347687168 0.03125 0.2789115646258503
0.0027892369839170265 0.03125 0.2789115646258503
0.007394350735370089 0.125 0.2789115646258503
0.013846383553151877 0.0625 0.15306122448979592
8.992495466241068E-4 0.09375 0.0
0.01773637699476198 0.0625 0.08503401360544217
0.014729232543852097 0.03125 0.006802721088435374
0.001762420876733706 0.0 0.564625850340136
0.00899898954521368 0.15625 0.15306122448979592
0.01306644767505929 0.03125 1.0
0.014665825078327848 0.03125 1.0
0.010289582512888695 0.03125 1.0
0.005793798685502177 0.03125 0.15306122448979592
0.001783165851229548 0.0625 0.5034013605442177
0.006326766243525374 0.03125 0.5034013605442177
9.795235783688868E-4 0.03125 0.5034013605442177
6.467020310225523E-4 0.03125 0.5034013605442177
0.0013152915133972393 0.03125 0.5034013605442177
0.003199235849423979 0.03125 0.5034013605442177
0.0032515492633700153 0.0 0.5034013605442177
5.28455676396253E-4 0.0 0.5034013605442177
0.0015982649915926954 0.0 0.5034013605442177
0.003800539457999109 0.03125 0.027210884353741496
0.0014965662116225794 0.0 0.564625850340136
4.481924681164275E-4 0.0 0.564625850340136
0.0021611452995798745 0.0 0.564625850340136
0.003060970594409192 0.0 0.564625850340136
0.01298545207898422 0.03125 0.003401360544217687
0.007513589240950537 0.03125 1.0
0.0022521826659181493 0.03125 1.0
0.0051083748066500165 0.0625 1.0
0.009242337115604035 0.03125 1.0
0.008039729898453776 0.03125 1.0
0.0010234939047459432 0.03125 1.0
0.003379626931996518 0.03125 1.0
0.005709678415225147 0.03125 1.0
0.005860004317368929 0.03125 1.0
0.013977603033133184 0.03125 1.0
0.004807723002362452 0.0625 1.0
0.004101191262286674 0.0625 1.0
0.005409026610937582 0.03125 1.0
0.004593899439153135 0.03125 0.11224489795918367
0.010450583658647317 0.0 0.14285714285714285
0.0021611452995798745 0.0 0.564625850340136
0.013846383553151877 0.0 0.15306122448979592
0.0040915403393690436 0.03125 1.0
0.004484792899377178 0.03125 1.0
0.011361932335831368 0.03125 1.0
1.2131300303003248E-4 0.0 0.564625850340136
0.011442552117151079 0.03125 1.0
0.008098326935109422 0.09375 1.0
0.00515847842983454 0.0625 0.14285714285714285
0.0048994669004408025 0.09375 0.006802721088435374
0.008265218751669448 0.03125 0.08503401360544217
0.005013894977152649 0.0 0.2789115646258503
0.005153472577293152 0.0625 0.14285714285714285
1.0 0.0 0.36054421768707484
0.004847258714626266 0.0 0.013605442176870748
0.003800539457999109 0.03125 0.027210884353741496
0.0030855894674032794 0.0 0.14285714285714285
0.00889055887069376 0.03125 0.2789115646258503
0.019294279631954972 0.0 0.11224489795918367
0.005811824865731847 0.0625 0.15306122448979592
0.002402053832207947 0.0 0.564625850340136
0.0015483567920809597 0.03125 0.003401360544217687
0.007193891144861355 0.09375 0.15306122448979592
0.004812413170509338 0.03125 0.2789115646258503
0.006128696834860726 0.03125 0.13945578231292516
0.005101925825448049 0.0625 0.13945578231292516
0.004982627189506743 0.03125 0.13945578231292516
0.005640979477945438 0.03125 0.13945578231292516
0.011575896153107385 0.0 0.0
0.006212939470422102 0.0625 0.15306122448979592
0.005985721117702264 0.03125 0.15306122448979592
0.0012507370612396347 0.0 0.564625850340136
4.4375454683333874E-4 0.0 0.564625850340136
0.019571543131083398 0.03125 0.14285714285714285
0.00426571424328072 0.0 0.36054421768707484
0.006160956773460782 0.09375 0.5034013605442177
0.0016816958672824947 0.09375 0.5034013605442177
0.0012788675473078008 0.09375 0.5034013605442177
0.0012059143869974232 0.0625 0.5034013605442177
0.011055267495458052 0.0 0.5034013605442177
0.0037794938316989793 0.03125 0.5034013605442177
0.007415877404557078 0.0 0.5034013605442177
7.549366805660757E-4 0.03125 0.5034013605442177
0.0013502272530554543 0.0625 0.5034013605442177
5.492908464333812E-4 0.03125 0.5034013605442177
0.0030239558475243285 0.03125 0.5034013605442177
0.0028159047989573336 0.0625 0.5034013605442177
0.008265218751669448 0.15625 0.564625850340136
0.012925321718126706 0.0 0.003401360544217687
0.003755441687355974 0.03125 1.0
0.003094007717923331 0.0625 1.0
0.0022521826659181493 0.03125 1.0
0.008039729898453776 0.03125 1.0
0.005245246540551931 0.0 0.564625850340136
0.011407030106474503 0.03125 0.027210884353741496
0.013977603033133184 0.03125 1.0
0.004807723002362452 0.03125 1.0
0.0052587007087937995 0.0625 1.0
0.005409026610937582 0.09375 1.0
0.008312421084942597 0.03125 1.0
0.009665053552432351 0.03125 1.0
0.003824591602342114 0.03125 1.0
0.00425602694149477 0.03125 1.0
0.004573214595018151 0.03125 1.0
0.008114892849525667 0.0625 1.0
0.006553006726251766 0.03125 0.05782312925170068
0.003246257791614554 0.03125 0.05782312925170068
0.007483599223472852 0.125 0.14285714285714285
0.0015757161062711282 0.0 0.564625850340136
0.0012235776804993177 0.0 0.2789115646258503
0.0037453999170927697 0.03125 0.05782312925170068
0.0031736353482888927 0.03125 0.05782312925170068
0.0074675895148945395 0.03125 0.15306122448979592
0.007449851058441573 0.09375 0.15306122448979592
0.007276074315563361 0.03125 0.15306122448979592
0.0712270732041921 0.0 0.02040816326530612
0.0034725734372920186 0.09375 0.15306122448979592
0.003726293494930295 0.0 0.2789115646258503
0.040532177571355285 0.0 0.14285714285714285
0.007960110836664635 0.0 0.2789115646258503
0.001447863926497841 0.03125 0.11224489795918367
0.002055132466870036 0.0 0.2789115646258503
0.014123386687817789 0.0 0.2789115646258503
0.005042493277428286 0.0625 0.11224489795918367
0.0033975608121222713 0.03125 0.11224489795918367
0.0033038626773160516 0.0 0.564625850340136
0.0013079497466624392 0.0 0.564625850340136
2.7490849354544223E-4 0.0 0.564625850340136
0.007110986409829058 0.21875 0.15306122448979592
0.0058093444883464745 0.125 0.5034013605442177
0.0012848505182131234 0.09375 0.5034013605442177
8.699359957060693E-4 0.09375 0.5034013605442177
0.001380292433484211 0.09375 0.5034013605442177
0.0013088876299659142 0.09375 0.5034013605442177
6.467020310225523E-4 0.03125 0.5034013605442177
5.20428273221775E-4 0.03125 0.5034013605442177
0.0032238892973755593 0.0625 0.5034013605442177
0.003199235849423979 0.03125 0.5034013605442177
0.006070460580370225 0.0625 1.0
0.0052587007087937995 0.0625 1.0
0.008039729898453776 0.03125 1.0
0.010825088474095492 0.03125 1.0
0.003755441687355974 0.03125 1.0
0.005544987219546603 0.0625 0.13945578231292516
0.005664580644582012 0.03125 1.0
0.004830271887684019 0.09375 1.0
0.012624669913839141 0.03125 1.0
0.0063109820238002766 0.03125 1.0
0.005409026610937582 0.03125 1.0
0.0015005531551992369 0.03125 1.0
0.00852077278531388 0.0625 1.0
0.010520107283826187 0.09375 1.0
0.007230036406728218 0.1875 0.15306122448979592
0.009634587452822576 0.0 0.2789115646258503
7.391449445458714E-4 0.0 0.02040816326530612
3.9748543676069965E-4 0.0 0.02040816326530612
0.0014767851268112833 0.0 0.02040816326530612
0.002237392401058027 0.0 0.02040816326530612
2.5206782564781376E-4 0.0 0.02040816326530612
4.2355194819243156E-4 0.0 0.02040816326530612
0.002369285341080939 0.0 0.02040816326530612
0.004350732259845353 0.0 0.003401360544217687
0.006130335387194093 0.0 0.14285714285714285
0.0018390762633620807 0.09375 0.01020408163265306
0.0075091696594275096 0.0 0.0
0.0019133330498958493 0.0625 0.0
8.270931135950913E-4 0.0625 0.01020408163265306
0.001498854472505012 0.0 0.564625850340136
0.020923203891941695 0.03125 0.14285714285714285
0.0026814984098505776 0.03125 0.003401360544217687
0.001487324475810584 0.03125 0.2789115646258503
0.0015982649915926954 0.0 0.564625850340136
0.0013242981394982819 0.0 0.564625850340136
6.365234641883968E-4 0.0 0.564625850340136
0.0028967350365400454 0.0 0.15306122448979592
0.02245893766769374 0.0 0.11224489795918367
0.004893949939832125 0.03125 0.5034013605442177
0.008643739373267494 0.03125 0.5034013605442177
9.001515020369696E-4 0.03125 0.5034013605442177
0.0024152862697441532 0.09375 0.5034013605442177
0.00259041594574166 0.03125 0.5034013605442177
0.0011012875591053506 0.03125 0.5034013605442177
0.0015050629322635504 0.0625 0.5034013605442177
0.010235239699263718 0.0625 0.5034013605442177
0.0030413936521730073 0.0625 0.5034013605442177
0.008039729898453776 0.03125 1.0
0.0022521826659181493 0.0625 1.0
0.005439091791366338 0.03125 1.0
0.008544900092607957 0.03125 1.0
0.004804716484319576 0.03125 1.0
0.004431908247002995 0.03125 1.0
0.006761959730231624 0.03125 1.0
0.005678286007406363 0.0 0.13945578231292516
0.005754319495777568 0.03125 0.13945578231292516
0.003755441687355974 0.0625 1.0
0.010730563546827483 0.03125 1.0
0.011073907907323882 0.03125 1.0
0.01202336630526401 0.125 1.0
0.0017075519224512253 0.0625 0.11224489795918367
0.007438426289878645 0.03125 1.0
0.0034229207918139272 0.03125 1.0
0.006010330219512711 0.0625 1.0
0.00516098887240034 0.0625 1.0
0.003897259143438419 0.03125 0.02040816326530612
0.0030866116835378573 0.03125 0.02040816326530612
0.003350824489145769 0.03125 0.02040816326530612
0.006665300175153172 0.03125 0.02040816326530612
0.004079829951592042 0.03125 0.02040816326530612
0.006281007038912806 0.0 0.05782312925170068
0.0030070892813037963 0.0 0.05782312925170068
0.002522769289776958 0.0 0.2789115646258503
0.005929154232355069 0.09375 0.006802721088435374
0.009242337115604035 0.0 0.006802721088435374
0.001190806633831973 0.0 0.564625850340136
0.0060085974128387 0.0625 0.01020408163265306
0.03643629281341429 0.0 0.14285714285714285
0.008935099232891748 0.0625 0.006802721088435374
0.003667200382797574 0.0625 0.13945578231292516
0.08374884503801382 0.0 0.0
0.007228195515730566 0.03125 1.0
0.010192186360889739 0.03125 0.006802721088435374
0.007137774485591081 0.03125 0.003401360544217687
0.007807731933675276 0.03125 0.003401360544217687
0.005197442903670208 0.0 0.5034013605442177
0.00975252819488982 0.125 0.0
3.9702423689292254E-4 0.0 0.564625850340136
0.004567143232482368 0.0 0.14285714285714285
0.003124072898352088 0.0 0.14285714285714285
0.008716196458100796 0.03125 1.0
0.0012787397702909787 0.0 0.564625850340136
3.963943713629401E-4 0.0 0.564625850340136
0.007368449582430715 0.0625 0.02040816326530612
0.04222756812832308 0.03125 1.0
0.04222756812832308 0.03125 1.0
0.015381391405122468 0.03125 1.0
0.006317012948668383 0.0625 0.13945578231292516
0.011712402144089383 0.03125 1.0
0.005553339476995613 0.03125 1.0
0.008039729898453776 0.03125 1.0
0.0039869435766573995 0.03125 1.0
0.004723540497161933 0.03125 1.0
0.022518263935300684 0.0625 0.5034013605442177
0.006010330219512711 0.03125 1.0
0.006010330219512711 0.03125 1.0
0.023037158884320594 0.0625 0.5034013605442177
0.0027031603723494967 0.03125 1.0
0.008668092169414787 0.03125 1.0
0.012774995815982924 0.03125 1.0
0.0052587007087937995 0.03125 1.0
0.006423515994145112 0.09375 1.0
0.003755441687355974 0.03125 1.0
0.004507071198074887 0.03125 1.0
4.2012481827535754E-4 0.0 0.564625850340136
0.0033171982384211287 0.03125 0.11224489795918367
0.010520107283826187 0.09375 1.0
0.009416538679481706 0.0625 0.02040816326530612
0.0023016398877234536 0.0625 0.006802721088435374
0.0161266621301807 0.125 1.0
0.003671484671008672 0.0625 0.01020408163265306
0.022546179455328785 0.0625 0.0
0.007090812673761363 0.0625 1.0
0.007663915143094319 0.0625 1.0
0.0028399569433003387 0.0 0.14285714285714285
0.002276535462065442 0.09375 0.2789115646258503
0.003323760715679216 0.0 0.2789115646258503
4.982146146619883E-4 0.0 0.564625850340136
0.0014939779002394679 0.0 0.564625850340136
0.003493994878347508 0.0 0.003401360544217687
0.005260429456668453 0.0 0.003401360544217687
0.008558820271146472 0.0625 0.36054421768707484
0.0037343058655145583 0.0625 0.36054421768707484
0.005508241706352478 0.0625 0.5034013605442177
0.0010661112980037055 0.0625 0.5034013605442177
0.0024855636289963716 0.09375 0.5034013605442177
0.0011337579539684075 0.0625 0.5034013605442177
0.0016824474967932137 0.125 0.5034013605442177
0.012220293237072367 0.03125 0.5034013605442177
0.0020387198848739784 0.0625 0.5034013605442177
0.0032894313907102487 0.0625 0.5034013605442177
0.007931645574812395 0.0625 0.5034013605442177
0.011004908318239885 0.0 0.5034013605442177
0.0032217847347455466 0.125 0.5034013605442177
0.0067860118745746295 0.03125 0.5034013605442177
0.006069596958062408 0.03125 0.13945578231292516
0.004951284238909764 0.03125 0.13945578231292516
0.005812182641378949 0.03125 0.13945578231292516
0.004096903967557533 0.0 0.13945578231292516
0.004982860946284576 0.0 0.13945578231292516
0.0022775877433804485 0.0 0.13945578231292516
0.005874781353549663 0.03125 0.13945578231292516
0.002262199482081598 0.03125 0.13945578231292516
0.00608146443640715 0.03125 0.13945578231292516
0.07349298062497597 0.0625 0.0
0.004146289032929809 0.03125 1.0
0.005879546684647621 0.03125 1.0
0.010264553250181756 0.03125 1.0
0.008668092169414787 0.03125 1.0
0.003755441687355974 0.0625 1.0
0.016533143369577487 0.03125 1.0
0.0011999013509116719 0.03125 1.0
0.006440552127983263 0.0 0.36054421768707484
0.007513589240950537 0.09375 1.0
0.00834038170274134 0.03125 1.0
0.0040560934916435394 0.03125 1.0
0.018023448357049877 0.0 0.023809523809523808
0.013115057660080112 0.0 0.023809523809523808
0.006700241927847473 0.0 0.05782312925170068
0.003078937846885221 0.0 0.05782312925170068
0.010332199906146458 0.03125 1.0
0.007513589240950537 0.09375 1.0
0.004807723002362452 0.03125 1.0
0.004888297685911519 0.0625 0.05782312925170068
0.010448907975816121 0.0 0.36054421768707484
0.00599755251783049 0.0 0.564625850340136
0.015029884348139661 0.03125 1.0
0.015029884348139661 0.03125 1.0
0.006153535484323748 0.0 0.05782312925170068
0.03163330507696937 0.0 0.14285714285714285
0.0037793735709772645 0.03125 0.05442176870748299
0.018081921074184448 0.0 0.05442176870748299
0.010718311985802764 0.0 0.05442176870748299
0.009888678364461443 0.03125 0.05442176870748299
0.006631642205663179 0.03125 0.05442176870748299
0.0038202366609570086 0.0 0.05442176870748299
0.022546179455328785 0.0 0.05442176870748299
0.022546179455328785 0.0 0.05442176870748299
0.011638531995775928 0.03125 1.0
0.003765964500506039 0.0 1.0
0.0031699222985059413 0.03125 1.0
0.006686796779159733 0.0 0.08503401360544217
0.027957911932504957 0.03125 0.04421768707482993
0.0039078721521297695 0.03125 1.0
0.034572251626831384 0.0 0.04421768707482993
0.00413719431585011 0.03125 1.0
0.00396589795035727 0.0625 1.0
0.0026911343001779944 0.03125 1.0
0.008030484855471932 0.03125 1.0
0.0026279974212776057 0.03125 0.04081632653061224
0.008565401539142327 0.03125 1.0
0.01250988105496215 0.03125 1.0
0.0014462103415742594 0.03125 1.0
0.007197904846448593 0.03125 1.0
0.016533143369577487 0.03125 0.08503401360544217
0.004868154015024252 0.03125 1.0
5.308759234207679E-4 0.09375 0.006802721088435374
0.0017453137890697434 0.03125 0.13945578231292516
0.0191488140668793 0.03125 0.11224489795918367
0.013529932496549 0.1875 0.2755102040816326
0.12687586114315183 0.0 0.4931972789115646
0.007291090069276698 0.0 0.003401360544217687
0.003003812176637062 0.03125 0.003401360544217687
0.01049004210339743 0.0 0.0
0.06734329829417597 0.0 0.003401360544217687
0.0022446663708109603 0.03125 1.0
0.00255305995905893 0.03125 1.0
0.004838990790008359 0.03125 1.0
0.006852155271517894 0.0 0.013605442176870748
0.0015005531551992369 0.0 0.564625850340136
0.001395325023698589 0.03125 0.2789115646258503
0.003671256175637413 0.0 0.2755102040816326
6.914991498613995E-6 0.0 0.2789115646258503
0.0 0.0 0.2789115646258503
0.003970031912666224 0.0 0.006802721088435374
0.05554271497588904 0.0 0.4931972789115646
0.0036051157852121916 0.03125 0.02040816326530612
9.759157567174359E-4 0.0 0.2789115646258503
0.007472180467946011 0.0625 0.05782312925170068
0.002631003939320481 0.03125 1.0
0.004507071198074887 0.0 0.2755102040816326
8.524530932867474E-4 0.0625 0.14285714285714285
0.00659380667935261 0.125 0.0
0.01938788230981333 0.03125 0.08503401360544217
0.04509506477689616 0.0625 0.006802721088435374
0.005484189562009473 0.09375 0.15306122448979592
0.005754776185868281 0.0625 0.15306122448979592
0.004594348913600546 0.03125 0.15306122448979592
0.0026337018382862555 0.0 0.006802721088435374
0.005701023852386925 0.0 0.4931972789115646
0.003070119579139565 0.0 0.006802721088435374
0.003782004274264781 0.03125 1.0
0.015796693317479345 0.0 0.4931972789115646
0.012281722413724402 0.09375 0.11224489795918367
0.0023689934081789757 0.0 0.14285714285714285
